Linux 7.0.0-31-generic (alexander-vegazo-NucBox-EVO-X2) 	09/27/2026 	_x86_64_	(32 CPU)

09:44:42 AM  CPU    %usr   %nice    %sys %iowait    %irq   %soft  %steal  %guest  %gnice   %idle
09:44:45 AM  all    1.98    0.00    0.70    0.04    0.00    0.07    0.00    0.00    0.00   97.21
09:44:45 AM    0    1.33    0.00    0.33    0.00    0.00    1.99    0.00    0.00    0.00   96.35
09:44:45 AM    1    1.67    0.00    0.33    0.00    0.00    0.00    0.00    0.00    0.00   97.99
09:44:45 AM    2    2.01    0.00    0.00    0.00    0.00    0.00    0.00    0.00    0.00   97.99
09:44:45 AM    3    3.02    0.00    1.01    0.00    0.00    0.00    0.00    0.00    0.00   95.97
09:44:45 AM    4    4.67    0.00    1.00    0.00    0.00    0.00    0.00    0.00    0.00   94.33
09:44:45 AM    5    5.03    0.00    1.68    0.00    0.00    0.00    0.00    0.00    0.00   93.29
09:44:45 AM    6   13.76    0.00    3.69    0.00    0.00    0.00    0.00    0.00    0.00   82.55
09:44:45 AM    7    6.42    0.00    1.35    0.34    0.00    0.00    0.00    0.00    0.00   91.89
09:44:45 AM    8    1.01    0.00    1.01    0.00    0.00    0.00    0.00    0.00    0.00   97.99
09:44:45 AM    9    0.67    0.00    0.67    0.00    0.00    0.00    0.00    0.00    0.00   98.66
09:44:45 AM   10    0.33    0.00    0.33    0.00    0.00    0.00    0.00    0.00    0.00   99.33
09:44:45 AM   11    1.34    0.00    0.34    0.00    0.00    0.00    0.00    0.00    0.00   98.32
09:44:45 AM   12    0.00    0.00    0.00    0.00    0.00    0.00    0.00    0.00    0.00  100.00
09:44:45 AM   13    0.00    0.00    0.33    0.00    0.00    0.00    0.00    0.00    0.00   99.67
09:44:45 AM   14    0.00    0.00    0.67    0.00    0.00    0.00    0.00    0.00    0.00   99.33
09:44:45 AM   15    9.00    0.00    2.33    0.00    0.00    0.33    0.00    0.00    0.00   88.33
09:44:45 AM   16    2.01    0.00    0.67    0.00    0.00    0.00    0.00    0.00    0.00   97.32
09:44:45 AM   17    0.67    0.00    0.67    0.33    0.00    0.00    0.00    0.00    0.00   98.33
09:44:45 AM   18    0.33    0.00    0.67    0.00    0.00    0.00    0.00    0.00    0.00   99.00
09:44:45 AM   19    0.67    0.00    0.33    0.00    0.00    0.00    0.00    0.00    0.00   99.00
09:44:45 AM   20    1.34    0.00    0.33    0.00    0.00    0.00    0.00    0.00    0.00   98.33
09:44:45 AM   21    0.34    0.00    0.67    0.00    0.00    0.00    0.00    0.00    0.00   98.99
09:44:45 AM   22    1.00    0.00    1.34    0.00    0.00    0.00    0.00    0.00    0.00   97.66
09:44:45 AM   23    6.04    0.00    0.67    0.00    0.00    0.00    0.00    0.00    0.00   93.29
09:44:45 AM   24    0.00    0.00    0.00    0.34    0.00    0.00    0.00    0.00    0.00   99.66
09:44:45 AM   25    0.00    0.00    0.00    0.00    0.00    0.00    0.00    0.00    0.00  100.00
09:44:45 AM   26    0.00    0.00    0.33    0.00    0.00    0.00    0.00    0.00    0.00   99.67
09:44:45 AM   27    0.00    0.00    0.00    0.00    0.00    0.00    0.00    0.00    0.00  100.00
09:44:45 AM   28    0.00    0.00    0.00    0.00    0.00    0.00    0.00    0.00    0.00  100.00
09:44:45 AM   29    0.00    0.00    0.00    0.00    0.00    0.00    0.00    0.00    0.00  100.00
09:44:45 AM   30    0.34    0.00    0.34    0.00    0.00    0.00    0.00    0.00    0.00   99.33
09:44:45 AM   31    0.34    0.00    1.36    0.34    0.00    0.00    0.00    0.00    0.00   97.96

09:44:45 AM  CPU    %usr   %nice    %sys %iowait    %irq   %soft  %steal  %guest  %gnice   %idle
09:44:48 AM  all    2.22    0.00    0.56    0.03    0.00    0.10    0.00    0.00    0.00   97.08
09:44:48 AM    0    2.30    0.00    0.33    0.00    0.00    3.29    0.00    0.00    0.00   94.08
09:44:48 AM    1    1.00    0.00    0.67    0.00    0.00    0.00    0.00    0.00    0.00   98.33
09:44:48 AM    2    1.34    0.00    0.67    0.00    0.00    0.00    0.00    0.00    0.00   97.99
09:44:48 AM    3    2.01    0.00    0.33    0.00    0.00    0.00    0.00    0.00    0.00   97.66
09:44:48 AM    4    3.37    0.00    0.67    0.00    0.00    0.00    0.00    0.00    0.00   95.96
09:44:48 AM    5    3.69    0.00    0.67    0.00    0.00    0.00    0.00    0.00    0.00   95.64
09:44:48 AM    6   13.71    0.00    2.34    0.00    0.00    0.00    0.00    0.00    0.00   83.95
09:44:48 AM    7   14.19    0.00    2.03    0.00    0.00    0.00    0.00    0.00    0.00   83.78
09:44:48 AM    8    1.34    0.00    1.01    0.00    0.00    0.00    0.00    0.00    0.00   97.65
09:44:48 AM    9    0.67    0.00    0.33    0.00    0.00    0.00    0.00    0.00    0.00   99.00
09:44:48 AM   10    0.67    0.00    0.34    0.00    0.00    0.00    0.00    0.00    0.00   98.99
09:44:48 AM   11    1.00    0.00    0.00    0.00    0.00    0.00    0.00    0.00    0.00   99.00
09:44:48 AM   12    0.67    0.00    0.33    0.00    0.00    0.00    0.00    0.00    0.00   99.00
09:44:48 AM   13    0.66    0.00    0.33    0.00    0.00    0.00    0.00    0.00    0.00   99.00
09:44:48 AM   14    1.34    0.00    0.33    0.00    0.00    0.00    0.00    0.00    0.00   98.33
09:44:48 AM   15    2.01    0.00    2.01    0.00    0.00    0.00    0.00    0.00    0.00   95.97
09:44:48 AM   16    3.67    0.00    0.67    0.33    0.00    0.00    0.00    0.00    0.00   95.33
09:44:48 AM   17    1.67    0.00    0.33    0.33    0.00    0.00    0.00    0.00    0.00   97.67
09:44:48 AM   18    1.33    0.00    0.33    0.00    0.00    0.00    0.00    0.00    0.00   98.34
09:44:48 AM   19    0.67    0.00    0.00    0.00    0.00    0.00    0.00    0.00    0.00   99.33
09:44:48 AM   20    1.33    0.00    0.00    0.00    0.00    0.00    0.00    0.00    0.00   98.67
09:44:48 AM   21    2.00    0.00    0.67    0.00    0.00    0.00    0.00    0.00    0.00   97.33
09:44:48 AM   22    2.00    0.00    1.00    0.00    0.00    0.00    0.00    0.00    0.00   97.00
09:44:48 AM   23    1.66    0.00    0.33    0.00    0.00    0.00    0.00    0.00    0.00   98.01
09:44:48 AM   24    0.33    0.00    0.67    0.00    0.00    0.00    0.00    0.00    0.00   99.00
09:44:48 AM   25    0.33    0.00    0.00    0.00    0.00    0.00    0.00    0.00    0.00   99.67
09:44:48 AM   26    0.33    0.00    0.00    0.00    0.00    0.00    0.00    0.00    0.00   99.67
09:44:48 AM   27    1.33    0.00    0.00    0.00    0.00    0.00    0.00    0.00    0.00   98.67
09:44:48 AM   28    0.67    0.00    0.00    0.00    0.00    0.00    0.00    0.00    0.00   99.33
09:44:48 AM   29    0.33    0.00    0.00    0.00    0.00    0.00    0.00    0.00    0.00   99.67
09:44:48 AM   30    0.67    0.00    0.33    0.33    0.00    0.00    0.00    0.00    0.00   98.67
09:44:48 AM   31    3.04    0.00    1.35    0.00    0.00    0.00    0.00    0.00    0.00   95.61

09:44:48 AM  CPU    %usr   %nice    %sys %iowait    %irq   %soft  %steal  %guest  %gnice   %idle
09:44:51 AM  all    2.17    0.00    0.45    0.09    0.00    0.04    0.00    0.00    0.00   97.25
09:44:51 AM    0    1.68    0.00    0.34    0.00    0.00    0.67    0.00    0.00    0.00   97.31
09:44:51 AM    1    2.67    0.00    0.33    0.00    0.00    0.33    0.00    0.00    0.00   96.67
09:44:51 AM    2    1.34    0.00    0.33    0.00    0.00    0.00    0.00    0.00    0.00   98.33
09:44:51 AM    3    2.66    0.00    0.66    0.00    0.00    0.33    0.00    0.00    0.00   96.35
09:44:51 AM    4    3.68    0.00    1.00    0.00    0.00    0.00    0.00    0.00    0.00   95.32
09:44:51 AM    5    4.36    0.00    0.67    0.00    0.00    0.00    0.00    0.00    0.00   94.97
09:44:51 AM    6   15.82    0.00    1.35    0.34    0.00    0.00    0.00    0.00    0.00   82.49
09:44:51 AM    7   21.40    0.00    2.01    0.00    0.00    0.00    0.00    0.00    0.00   76.59
09:44:51 AM    8    0.34    0.00    0.67    0.00    0.00    0.00    0.00    0.00    0.00   98.99
09:44:51 AM    9    0.67    0.00    0.67    0.00    0.00    0.00    0.00    0.00    0.00   98.66
09:44:51 AM   10    0.67    0.00    0.33    0.00    0.00    0.00    0.00    0.00    0.00   99.00
09:44:51 AM   11    0.67    0.00    0.67    1.67    0.00    0.00    0.00    0.00    0.00   96.99
09:44:51 AM   12    1.00    0.00    0.33    0.00    0.00    0.00    0.00    0.00    0.00   98.66
09:44:51 AM   13    0.33    0.00    0.00    0.00    0.00    0.00    0.00    0.00    0.00   99.67
09:44:51 AM   14    2.01    0.00    0.34    0.00    0.00    0.00    0.00    0.00    0.00   97.65
09:44:51 AM   15    1.00    0.00    1.00    0.00    0.00    0.00    0.00    0.00    0.00   98.00
09:44:51 AM   16    2.01    0.00    1.00    0.33    0.00    0.00    0.00    0.00    0.00   96.66
09:44:51 AM   17    1.34    0.00    0.33    0.00    0.00    0.00    0.00    0.00    0.00   98.33
09:44:51 AM   18    1.00    0.00    0.00    0.00    0.00    0.00    0.00    0.00    0.00   99.00
09:44:51 AM   19    1.00    0.00    0.33    0.00    0.00    0.00    0.00    0.00    0.00   98.67
09:44:51 AM   20    1.34    0.00    0.33    0.33    0.00    0.00    0.00    0.00    0.00   97.99
09:44:51 AM   21    0.33    0.00    0.00    0.00    0.00    0.00    0.00    0.00    0.00   99.67
09:44:51 AM   22    0.00    0.00    0.00    0.00    0.00    0.00    0.00    0.00    0.00  100.00
09:44:51 AM   23    1.01    0.00    0.34    0.34    0.00    0.00    0.00    0.00    0.00   98.32
09:44:51 AM   24    0.67    0.00    0.33    0.00    0.00    0.00    0.00    0.00    0.00   99.00
09:44:51 AM   25    0.00    0.00    0.33    0.00    0.00    0.00    0.00    0.00    0.00   99.67
09:44:51 AM   26    0.00    0.00    0.00    0.00    0.00    0.00    0.00    0.00    0.00  100.00
09:44:51 AM   27    0.33    0.00    0.00    0.00    0.00    0.00    0.00    0.00    0.00   99.67
09:44:51 AM   28    0.00    0.00    0.33    0.00    0.00    0.00    0.00    0.00    0.00   99.67
09:44:51 AM   29    0.00    0.00    0.00    0.00    0.00    0.00    0.00    0.00    0.00  100.00
09:44:51 AM   30    0.00    0.00    0.00    0.00    0.00    0.00    0.00    0.00    0.00  100.00
09:44:51 AM   31    0.00    0.00    0.34    0.00    0.00    0.00    0.00    0.00    0.00   99.66

Average:     CPU    %usr   %nice    %sys %iowait    %irq   %soft  %steal  %guest  %gnice   %idle
Average:     all    2.12    0.00    0.57    0.06    0.00    0.07    0.00    0.00    0.00   97.18
Average:       0    1.77    0.00    0.33    0.00    0.00    2.00    0.00    0.00    0.00   95.90
Average:       1    1.78    0.00    0.45    0.00    0.00    0.11    0.00    0.00    0.00   97.66
Average:       2    1.56    0.00    0.34    0.00    0.00    0.00    0.00    0.00    0.00   98.10
Average:       3    2.56    0.00    0.67    0.00    0.00    0.11    0.00    0.00    0.00   96.66
Average:       4    3.91    0.00    0.89    0.00    0.00    0.00    0.00    0.00    0.00   95.20
Average:       5    4.36    0.00    1.01    0.00    0.00    0.00    0.00    0.00    0.00   94.63
Average:       6   14.43    0.00    2.46    0.11    0.00    0.00    0.00    0.00    0.00   83.00
Average:       7   14.03    0.00    1.80    0.11    0.00    0.00    0.00    0.00    0.00   84.06
Average:       8    0.89    0.00    0.89    0.00    0.00    0.00    0.00    0.00    0.00   98.21
Average:       9    0.67    0.00    0.56    0.00    0.00    0.00    0.00    0.00    0.00   98.77
Average:      10    0.56    0.00    0.33    0.00    0.00    0.00    0.00    0.00    0.00   99.11
Average:      11    1.00    0.00    0.33    0.56    0.00    0.00    0.00    0.00    0.00   98.10
Average:      12    0.56    0.00    0.22    0.00    0.00    0.00    0.00    0.00    0.00   99.22
Average:      13    0.33    0.00    0.22    0.00    0.00    0.00    0.00    0.00    0.00   99.44
Average:      14    1.11    0.00    0.45    0.00    0.00    0.00    0.00    0.00    0.00   98.44
Average:      15    4.01    0.00    1.78    0.00    0.00    0.11    0.00    0.00    0.00   94.10
Average:      16    2.56    0.00    0.78    0.22    0.00    0.00    0.00    0.00    0.00   96.44
Average:      17    1.22    0.00    0.45    0.22    0.00    0.00    0.00    0.00    0.00   98.11
Average:      18    0.89    0.00    0.33    0.00    0.00    0.00    0.00    0.00    0.00   98.78
Average:      19    0.78    0.00    0.22    0.00    0.00    0.00    0.00    0.00    0.00   99.00
Average:      20    1.34    0.00    0.22    0.11    0.00    0.00    0.00    0.00    0.00   98.33
Average:      21    0.89    0.00    0.45    0.00    0.00    0.00    0.00    0.00    0.00   98.66
Average:      22    1.00    0.00    0.78    0.00    0.00    0.00    0.00    0.00    0.00   98.22
Average:      23    2.90    0.00    0.45    0.11    0.00    0.00    0.00    0.00    0.00   96.54
Average:      24    0.33    0.00    0.33    0.11    0.00    0.00    0.00    0.00    0.00   99.22
Average:      25    0.11    0.00    0.11    0.00    0.00    0.00    0.00    0.00    0.00   99.78
Average:      26    0.11    0.00    0.11    0.00    0.00    0.00    0.00    0.00    0.00   99.78
Average:      27    0.56    0.00    0.00    0.00    0.00    0.00    0.00    0.00    0.00   99.44
Average:      28    0.22    0.00    0.11    0.00    0.00    0.00    0.00    0.00    0.00   99.67
Average:      29    0.11    0.00    0.00    0.00    0.00    0.00    0.00    0.00    0.00   99.89
Average:      30    0.33    0.00    0.22    0.11    0.00    0.00    0.00    0.00    0.00   99.33
Average:      31    1.13    0.00    1.02    0.11    0.00    0.00    0.00    0.00    0.00   97.73
